left	right
shoulder	elbow	wrist

1
[0.5639621615409851, 0.4181041121482849, -0.9963003993034363] [0.3220398426055908, 0.4099627137184143, -0.7826809287071228]
[0.657201886177063, 0.5077833533287048, -1.004067301750183] [0.28283101320266724, 0.5020966529846191, -0.7491894364356995]
[0.6766635179519653, 0.6052944660186768, -1.081260085105896] [0.6766635179519653, 0.5960713028907776, -0.9365800023078918]

C:\homeFitnessSystem\push-up_Moment\push-up1_Moment2.jpg
[0.6472128629684448, 0.3985881209373474, -0.3255554735660553] [0.3327986001968384, 0.3967958986759186, -0.36703649163246155]
[0.6698245406150818, 0.4864456057548523, -0.3116464614868164] [0.2908915877342224, 0.48266786336898804, -0.40097859501838684]
[0.6786041259765625, 0.5929062366485596, -0.414223313331604] [0.6786041259765625, 0.5820425748825073, -0.4856562316417694]

C:\homeFitnessSystem\push-up_Moment\push-up1_Moment3.jpg
[0.652692437171936, 0.39952242374420166, -0.34063467383384705] [0.3286283016204834, 0.4007510542869568, -0.39574024081230164]
[0.6737285256385803, 0.48617058992385864, -0.3039993345737457] [0.2856982946395874, 0.4876742959022522, -0.41510966420173645]
[0.6796362400054932, 0.5942843556404114, -0.4036448895931244] [0.6796362400054932, 0.5836203098297119, -0.49438315629959106]

C:\homeFitnessSystem\push-up_Moment\push-up1_Moment4.jpg
[0.6542170643806458, 0.39940178394317627, -0.3788363039493561] [0.33018913865089417, 0.4043824076652527, -0.4471970796585083]
[0.6758843064308167, 0.4877092242240906, -0.32303309440612793] [0.2870587706565857, 0.48605719208717346, -0.43846595287323]
[0.682611346244812, 0.593749463558197, -0.4200473725795746] [0.682611346244812, 0.5818853974342346, -0.49668654799461365]

C:\homeFitnessSystem\push-up_Moment\push-up1_Moment5.jpg
[0.6534507870674133, 0.4052400588989258, -0.7059956789016724] [0.3377093970775604, 0.40562885999679565, -0.7200561761856079]
[0.6797248125076294, 0.4960876405239105, -0.6118626594543457] [0.2861121892929077, 0.48970961570739746, -0.6663721203804016]
[0.6811568737030029, 0.5928188562393188, -0.7001084685325623] [0.6811568737030029, 0.586327314376831, -0.7457895278930664]

C:\homeFitnessSystem\push-up_Moment\push-up1_Moment6.jpg
[0.6420469284057617, 0.40887871384620667, -0.7396146059036255] [0.34481871128082275, 0.4082220494747162, -0.7449648380279541]
[0.678081214427948, 0.49040061235427856, -0.6542609930038452] [0.2846049964427948, 0.48336976766586304, -0.686718761920929]
[0.677161693572998, 0.5933828353881836, -0.7629290223121643] [0.677161693572998, 0.5851207375526428, -0.7850512862205505]

C:\homeFitnessSystem\push-up_Moment\push-up1_Moment7.jpg
[0.6436060070991516, 0.41090670228004456, -0.7757779359817505] [0.3406344950199127, 0.406538188457489, -0.7851572632789612]
[0.6693416237831116, 0.49839654564857483, -0.6832842230796814] [0.27535316348075867, 0.48718732595443726, -0.7144988775253296]
[0.6793743371963501, 0.595622718334198, -0.79798823595047] [0.6793743371963501, 0.5840963125228882, -0.8136067986488342]

C:\homeFitnessSystem\push-up_Moment\push-up1_Moment8.jpg
[0.6493936777114868, 0.41552242636680603, -0.7782317399978638] [0.3415752053260803, 0.41103458404541016, -0.7920882105827332]
[0.6885046362876892, 0.4915491044521332, -0.680730402469635] [0.27459102869033813, 0.4890833795070648, -0.7050355076789856]
[0.6795210242271423, 0.5964186191558838, -0.7948862910270691] [0.6795210242271423, 0.583694338798523, -0.784421980381012]

C:\homeFitnessSystem\push-up_Moment\push-up1_Moment9.jpg
[0.6350787281990051, 0.42322033643722534, -0.7448015809059143] [0.35491418838500977, 0.416281133890152, -0.736450731754303]
[0.6995828151702881, 0.5041789412498474, -0.6477037668228149] [0.2684928774833679, 0.48646074533462524, -0.6450693011283875]
[0.686262845993042, 0.5953160524368286, -0.7132959365844727] [0.686262845993042, 0.5815492868423462, -0.6941013336181641]

C:\homeFitnessSystem\push-up_Moment\push-up1_Moment11.jpg
[0.45350608229637146, 0.49650707840919495, -0.15312863886356354] [0.4798893928527832, 0.5017791986465454, -0.2364048808813095]
[0.45660990476608276, 0.47712334990501404, -0.11572280526161194] [0.48561665415763855, 0.47726908326148987, -0.215249702334404]
[0.45731353759765625, 0.46213459968566895, -0.14855949580669403] [0.45731353759765625, 0.4642607271671295, -0.19270065426826477]

C:\homeFitnessSystem\push-up_Moment\push-up1_Moment12.jpg
[0.6399995684623718, 0.44579944014549255, -0.7265685796737671] [0.3445615768432617, 0.4417301118373871, -0.7507169246673584]
[0.709683358669281, 0.5054900646209717, -0.6257622241973877] [0.25263512134552, 0.4909306466579437, -0.6637654304504395]
[0.6842929720878601, 0.595008909702301, -0.7014556527137756] [0.6842929720878601, 0.5837000608444214, -0.7195695638656616]

C:\homeFitnessSystem\push-up_Moment\push-up1_Moment13.jpg
[0.6311353445053101, 0.4628632962703705, -0.649664044380188] [0.334373414516449, 0.45736780762672424, -0.7015761137008667]
[0.7174394130706787, 0.5050162076950073, -0.5372416377067566] [0.24301327764987946, 0.49238958954811096, -0.6378171443939209]
[0.6877059936523438, 0.5948711633682251, -0.623397946357727] [0.6877059936523438, 0.5871941447257996, -0.7207555174827576]

C:\homeFitnessSystem\push-up_Moment\push-up1_Moment14.jpg
[0.6303010582923889, 0.47207140922546387, -0.6443789005279541] [0.33925336599349976, 0.4643704295158386, -0.6904603838920593]
[0.7237794399261475, 0.5059514045715332, -0.4995763599872589] [0.24276864528656006, 0.4906647801399231, -0.582335889339447]
[0.6875386238098145, 0.5935720205307007, -0.5326732397079468] [0.6875386238098145, 0.5852758884429932, -0.6326982975006104]

C:\homeFitnessSystem\push-up_Moment\push-up1_Moment15.jpg
[0.6231907606124878, 0.4863240718841553, -0.6938304305076599] [0.3345637917518616, 0.4740179181098938, -0.7291845679283142]
[0.7221189737319946, 0.5040070414543152, -0.5199442505836487] [0.23747459053993225, 0.48728832602500916, -0.580574631690979]
[0.6845600605010986, 0.5948403477668762, -0.5300514698028564] [0.6845600605010986, 0.5836066603660583, -0.5794483423233032]

C:\homeFitnessSystem\push-up_Moment\push-up1_Moment16.jpg
[0.6226987838745117, 0.49172696471214294, -0.6819947361946106] [0.33220982551574707, 0.4876900613307953, -0.6983550786972046]
[0.7197571396827698, 0.5037269592285156, -0.527836263179779] [0.23262551426887512, 0.49111858010292053, -0.5545118451118469]
[0.6848918795585632, 0.5937100648880005, -0.5160864591598511] [0.6848918795585632, 0.5864740610122681, -0.5065308809280396]

C:\homeFitnessSystem\push-up_Moment\push-up1_Moment17.jpg
[0.6276938319206238, 0.5153752565383911, -0.3692857623100281] [0.333085298538208, 0.5032702684402466, -0.3850516080856323]
[0.7236693501472473, 0.5047597289085388, -0.23785068094730377] [0.23007597029209137, 0.49397605657577515, -0.28388676047325134]
[0.685253381729126, 0.5952445268630981, -0.21691276133060455] [0.685253381729126, 0.5856050848960876, -0.24684959650039673]

C:\homeFitnessSystem\push-up_Moment\push-up1_Moment18.jpg
[0.6293349862098694, 0.5271033048629761, -0.34264251589775085] [0.33368930220603943, 0.5132949948310852, -0.3834337890148163]
[0.721286416053772, 0.5002980828285217, -0.20768699049949646] [0.22929233312606812, 0.49381422996520996, -0.24775300920009613]
[0.6895997524261475, 0.591934859752655, -0.1863827407360077] [0.6895997524261475, 0.5867393016815186, -0.19851873815059662]

C:\homeFitnessSystem\push-up_Moment\push-up1_Moment19.jpg
[0.6274127960205078, 0.5378362536430359, -0.3401012718677521] [0.32810163497924805, 0.5236448049545288, -0.34323957562446594]
[0.7185412049293518, 0.4970497488975525, -0.2217152863740921] [0.2311391830444336, 0.4914186894893646, -0.2229270040988922]
[0.6835035681724548, 0.58964604139328, -0.20962046086788177] [0.6835035681724548, 0.5839388370513916, -0.20807279646396637]

C:\homeFitnessSystem\push-up_Moment\push-up1_Moment20.jpg
[0.6301149725914001, 0.5433228015899658, -0.3275606036186218] [0.33047962188720703, 0.5355445146560669, -0.33394482731819153]
[0.7146354913711548, 0.4975823760032654, -0.19852864742279053] [0.22855566442012787, 0.4922867715358734, -0.19355814158916473]
[0.6834343671798706, 0.5886540412902832, -0.17004220187664032] [0.6834343671798706, 0.5862948298454285, -0.14615435898303986]

C:\homeFitnessSystem\push-up_Moment\push-up1_Moment21.jpg
[0.6352646946907043, 0.553947925567627, -0.35743746161460876] [0.3235892355442047, 0.5494797229766846, -0.3604312539100647]
[0.7105494737625122, 0.49688419699668884, -0.21150873601436615] [0.21944712102413177, 0.4876650869846344, -0.2305406630039215]
[0.6790133714675903, 0.5896597504615784, -0.15412026643753052] [0.6790133714675903, 0.5804681777954102, -0.19739900529384613]

C:\homeFitnessSystem\push-up_Moment\push-up1_Moment22.jpg
[0.6340470314025879, 0.55782151222229, -0.3259049654006958] [0.31828218698501587, 0.5518316626548767, -0.3541044592857361]
[0.7062124013900757, 0.4973844885826111, -0.18679334223270416] [0.2291693091392517, 0.48555082082748413, -0.22971199452877045]
[0.6746176481246948, 0.5953336954116821, -0.15316598117351532] [0.6746176481246948, 0.5792772173881531, -0.21193915605545044]

C:\homeFitnessSystem\push-up_Moment\push-up1_Moment23.jpg
[0.6350716352462769, 0.5625540018081665, -0.3454788327217102] [0.31691473722457886, 0.5537081360816956, -0.36979907751083374]
[0.7078096866607666, 0.4975823760032654, -0.20613177120685577] [0.23055705428123474, 0.48733681440353394, -0.22796662151813507]
[0.6735320091247559, 0.5969023704528809, -0.1929432600736618] [0.6735320091247559, 0.57830810546875, -0.1960015892982483]